[gd_scene load_steps=4 format=3 uid="uid://c53e4nks72312"]

[sub_resource type="BoxMesh" id="BoxMesh_5jcfk"]
size = Vector3(0.535, 0.1, 10)

[sub_resource type="StandardMaterial3D" id="StandardMaterial3D_gwsx2"]
albedo_color = Color(0.251811, 0.155764, 0, 1)

[sub_resource type="BoxShape3D" id="BoxShape3D_onj0b"]
size = Vector3(4, 0.1, 10)

[node name="ramp01" type="Node3D"]

[node name="board01" type="MeshInstance3D" parent="."]
transform = Transform3D(0.998766, 0, -0.0496691, 0, 1, 0, 0.0496691, 0, 0.998766, 0, 0, 0)
mesh = SubResource("BoxMesh_5jcfk")
surface_material_override/0 = SubResource("StandardMaterial3D_gwsx2")

[node name="board02" type="MeshInstance3D" parent="."]
transform = Transform3D(0.999907, 0, -0.013648, 0, 1, 0, 0.013648, 0, 0.999907, 1.70207, 0, 0)
mesh = SubResource("BoxMesh_5jcfk")
surface_material_override/0 = SubResource("StandardMaterial3D_gwsx2")

[node name="board03" type="MeshInstance3D" parent="."]
transform = Transform3D(0.998272, 0, 0.0587663, 0, 1, 0, -0.0587663, 0, 0.998272, -1.85447, 0, 0)
mesh = SubResource("BoxMesh_5jcfk")
surface_material_override/0 = SubResource("StandardMaterial3D_gwsx2")

[node name="board04" type="MeshInstance3D" parent="."]
transform = Transform3D(0.999898, 0, 0.0142938, 0, 1, 0, -0.0142938, 0, 0.999898, -1.03282, 0, 0)
mesh = SubResource("BoxMesh_5jcfk")
surface_material_override/0 = SubResource("StandardMaterial3D_gwsx2")

[node name="board05" type="MeshInstance3D" parent="."]
transform = Transform3D(0.999998, 0, 0.00198969, 0, 1, 0, -0.00198969, 0, 0.999998, 0.8607, 0, 0)
mesh = SubResource("BoxMesh_5jcfk")
surface_material_override/0 = SubResource("StandardMaterial3D_gwsx2")

[node name="board06" type="MeshInstance3D" parent="."]
transform = Transform3D(0.943605, 0, 0.331074, 0, 1, 0, -0.331074, 0, 0.943605, -0.2, -0.1, 0)
mesh = SubResource("BoxMesh_5jcfk")
surface_material_override/0 = SubResource("StandardMaterial3D_gwsx2")

[node name="StaticBody3D" type="StaticBody3D" parent="."]

[node name="CollisionShape3D" type="CollisionShape3D" parent="StaticBody3D"]
shape = SubResource("BoxShape3D_onj0b")
